//Leaks
system("leaks -q push_swap");

//Checker
ARG="4 67 3 87 23"; ./push_swap $ARG | ./checker_Mac $ARG

//Moves
ARG="4 67 3 87 23"; ./push_swap $ARG | wc -l

//Series
//100 números
"4083     -2868     75     68     8695  7334     6229     1318     8951     6935  4435     4550     4910     6596     3039  2625     757     3276     1946     8278  8117     5324     7017     3414     9975  4182     7273     1072     5026     2439  746     7649     1564     6937     5930  1298     9440     7325     9899     1504  9574     2421     1804     8220     7220  9777     9907     8991     7105     745  6954     2051     1333     7528     7641  5518     5189     5244     5110     1322  7115     3993     3736     6539     5556  840     9690     3473     6331     7993  216     6810     3214     3003     8330 8484     1065     1314     4966     974  9716     2005     4326     8319     852  5196     2644     2811     1696     7893  1546     384     1650     5042 3022 83 7559 9733 2651 6981"
//500 números
"7525     855515     -9136  -98508     798  415     6723     3500     8595     1996   8691     688     6172     158     3802  9331     4470     7174     2257     381  5940     9391     6     3833     2391  7873     8416     4537     9033     6395  5779     6722     4011     2841     7032  605     2001     7352     906     8157  5462     2587     5346     7478     5705  3149     2880     5252     8119     3075  6844     4065     5992     5110     5151  9290     5702     926     5663     3555  420     5486     9825     8551     1733  3536     9092     7044     3258     4617  3287     8801     8504     981     7912  1971     2983     8375     307     4505  2135     3462     9155     4079     88  8608     2178     1790     1504     8661  9882     7886     966     5778     8  1899     1129     4100     4647     815  9584     6943     4874     5276     8581  7883     3518     2995     2576     717  1701     6591     5536     6198     9044  5685     5038     6449     4448     1684  3645     4405     1161     1563     5966  1477     4361     749     8354     5295  1314     7481     2961     123     2693  4164     831     5586     2950     5477  5750     4145     8758     6658     1057  5397     5742     9923     6328     455  4619     2852     4495     6419     2938  1294     5127     3272     2072     6111  3401     7087     4421     6452     3996  9327     3570     7979     7484     3539  5092     3540     2384     8582     6191  1     7823     7795     9635     6884  2025     8914     5559     5454     2395  2165     1270     7467     1356     5432  5245     2647     782     9153     3380  3114     9651     6554     6981     9514  4169     1439     9601     4974     4902  3431     3877     6265     2871     2375  4427     5805     4399     3814     7930  2592     8345     8244     940     9748  1641     7844     5623     493     7374  5733     9906     1804     2183     888  8540     3167     5823     1938     1454  7412     5052     5480     7675     1004  6610     6401     4397     3947     9494  9293     3551     242     7026     1789  3486     6070     7753     251     4221  799     7751     8785     7371     4778  5183     2622     4243     998     573  871     7057     9511     7656     1546  3732     6632     8579     8667     944   801     2019     2981     2335     5769  7389     9472     1089     9318     6285  5772     3448     416     5037     5318  479     434     5163     1458     4033  3792     1166     1041     1545     8662  9572     9674     4853     1256     6544  7907     7202     6958     5820     710  3915     426     9413     6415     6935  9029     4795     1815     6506     9985  7843     9943     5349     6873     181  6556     3382     1851     8005     5865  6485     6141     3925     797     9275  8161     1794     3685     7499     543  2744     3754     3378     1890     9590  9535     6619     6016     6375     7307  7910     8282     8039     2619     2014  8260     1106     6061     6081     531  4823     1360     8034     9933     1850  2532     4153     5898     6567     6205  4776     4944     6090     9607     8221  6086     7596     6318     9135     6951  6406     6858     1857     1281     8939  1015     7937     3885     7068     5579  9046     5803     7121     114     9799  5310     352     9088     7716     7011  9988     5788     4789     3497     3488  1668     9683     693     8847     1200  497     1019     8793     9807     273  4142     3155     7987     3902     5231  3794     5888     6400     4027     3198  7985     6373     2494     929     9961  7584     8301     3622     4404     9987  1328     820     8772     1020     4368  143     7989     8226     7942     4025  4357     7373     3943     8232     2935  7228     2255     3662     2717     3926  3263     6770     807     5452     7492  4551     6970     111     6611     7031  5197     3120     4885     4435     6713  3956     2665     9369     938     2514  3086     1655     3863     8640     655  5019     2046     3901     756     8386  8766     6848     7416     3715     6525  6104     1572     3356     2980     3844  8170     7070     3066     544     6878"
